pixel_shift:46
block_shuffle_seed:355790
color_transform:[0.2987543625971687, 0.7757682080336821, 0.4041275580754765]
timestamp:20250117_194106
